[gd_scene load_steps=7 format=2]

[ext_resource path="res://models/block.escn" type="PackedScene" id=1]
[ext_resource path="res://models/stairtest.tscn" type="PackedScene" id=2]
[ext_resource path="res://models/relic-column-long.escn" type="PackedScene" id=3]
[ext_resource path="res://models/relic-column.escn" type="PackedScene" id=4]
[ext_resource path="res://models/rock-arch.tscn" type="PackedScene" id=5]
[ext_resource path="res://player/Player.tscn" type="PackedScene" id=6]

[node name="Spatial" type="Spatial"]

[node name="Scene Root" parent="." instance=ExtResource( 1 )]

[node name="Scene Root5" parent="." instance=ExtResource( 1 )]
transform = Transform( 1, 0, 0, 0, -4.37114e-08, 1, 0, -1, -4.37114e-08, 0, -6, 11 )

[node name="Scene Root7" parent="." instance=ExtResource( 1 )]
transform = Transform( 1, 0, 0, 0, -4.37114e-08, 1, 0, -1, -4.37114e-08, 20, -6, 11 )

[node name="Scene Root6" parent="." instance=ExtResource( 1 )]
transform = Transform( -4.37114e-08, 1, 4.37114e-08, 0, -4.37114e-08, 1, 1, 4.37114e-08, 1.91069e-15, 31, 10, 2 )

[node name="Scene Root12" parent="." instance=ExtResource( 1 )]
transform = Transform( 1, -8.35187e-23, -3.65072e-30, 0, -4.37114e-08, 1, -8.35187e-23, -1, -4.37114e-08, 22, 10, -6 )

[node name="Scene Root13" parent="." instance=ExtResource( 1 )]
transform = Transform( 1, -8.35187e-23, -3.65072e-30, 0, -4.37114e-08, 1, -8.35187e-23, -1, -4.37114e-08, 2, 10, -6 )

[node name="Scene Root14" parent="." instance=ExtResource( 1 )]
transform = Transform( -4.37114e-08, -1, -4.37114e-08, 0, -4.37114e-08, 1, -1, 4.37114e-08, 1.91069e-15, -8, 10, 2 )

[node name="Scene Root2" parent="." instance=ExtResource( 1 )]
transform = Transform( 1, 0, 0, 0, 1, 0, 0, 0, 1, 20, 0, 0 )

[node name="Scene Root11" parent="." instance=ExtResource( 5 )]
transform = Transform( -4.37114e-08, 0, 1, 0, 1, 0, -1, 0, -4.37114e-08, 13, 1, 9 )
target_position = NodePath("Spatial2")

[node name="Spatial2" type="Spatial" parent="Scene Root11"]
transform = Transform( 1, 0, 0, 0, 1, 0, 0, 0, 1, 4, 2, -7 )

[node name="Scene Root15" parent="." instance=ExtResource( 5 )]
transform = Transform( -4.37114e-08, 0, 1, 0, 1, 0, -1, 0, -4.37114e-08, 13, 1, 6 )
target_position = NodePath("Spatial3")

[node name="Spatial3" type="Spatial" parent="Scene Root15"]
transform = Transform( 1, 0, 0, 0, 1, 0, 0, 0, 1, 4, 6, 0 )

[node name="Scene Root16" parent="." instance=ExtResource( 5 )]
transform = Transform( -4.37114e-08, 0, 1, 0, 1, 0, -1, 0, -4.37114e-08, 13, 1, 3 )
target_position = NodePath("../Scene Root11/Spatial2")

[node name="Scene Root3" parent="." instance=ExtResource( 2 )]
transform = Transform( 0.0871558, 0, -0.996195, 0, 1, 0, 0.996195, 0, 0.0871558, 17.9713, 2.77873, 1.66913 )
target_position = NodePath("Spatial")

[node name="Spatial" type="Spatial" parent="Scene Root3"]
transform = Transform( 1, 0, 0, 0, 1, 0, 0, 0, 1, 5.00001, -1, -4.00002 )

[node name="DirectionalLight" type="DirectionalLight" parent="."]
transform = Transform( 1, 0, 0, 0, -4.37114e-08, 1, 0, -1, -4.37114e-08, 21, 10, 9 )
shadow_enabled = true

[node name="Spatial" parent="." instance=ExtResource( 6 )]
transform = Transform( -4.37114e-08, 0, -1, 0, 1, 0, 1, 0, -4.37114e-08, 0, 1, 0 )

[node name="Scene Root4" parent="." instance=ExtResource( 4 )]
transform = Transform( -0.00958488, 0.707074, -0.707075, 0.999889, 0.0148455, 0.00129132, 0.0114099, -0.706984, -0.707138, 26.1633, 1.46421, 7.30673 )

[node name="Scene Root8" parent="." instance=ExtResource( 4 )]
transform = Transform( 0, 0.707107, -0.707107, 1, -4.37114e-08, -4.37114e-08, -6.18172e-08, -0.707107, -0.707107, 25.4562, 1.46421, 6.59963 )

[node name="Scene Root9" parent="." instance=ExtResource( 4 )]
transform = Transform( -0.0145925, 0.706956, -0.707107, 0.999787, 0.0206368, -4.37114e-08, 0.0145924, -0.706956, -0.707107, 24.7505, 1.37056, 5.89115 )

[node name="Scene Root10" parent="." instance=ExtResource( 4 )]
transform = Transform( -0.0379355, 0.906006, -0.42156, 0.999138, 0.027263, -0.0313177, -0.016881, -0.422385, -0.906259, 25.1403, 2.29737, 6.03939 )

[node name="Scene Root17" parent="." instance=ExtResource( 3 )]
transform = Transform( 1, 0, 0, 0, 2, 0, 0, 0, 1, 0, 4, 11 )

[node name="Scene Root20" parent="." instance=ExtResource( 3 )]
transform = Transform( 1, 0, 0, 0, 2, 0, 0, 0, 1, 10, 4, 11 )

[node name="Scene Root22" parent="." instance=ExtResource( 3 )]
transform = Transform( 1, 0, 0, 0, 2, 0, 0, 0, 1, 20, 4, 11 )

[node name="Scene Root18" parent="." instance=ExtResource( 3 )]
transform = Transform( 1, 0, 0, 0, 2, 0, 0, 0, 1, 5, 4, 11 )

[node name="Scene Root19" parent="." instance=ExtResource( 3 )]
transform = Transform( 1, 0, 0, 0, 2, 0, 0, 0, 1, 15, 4, 11 )

[node name="Scene Root21" parent="." instance=ExtResource( 3 )]
transform = Transform( 1, 0, 0, 0, 2, 0, 0, 0, 1, 25, 4, 11 )

[node name="Scene Root23" parent="." instance=ExtResource( 3 )]
transform = Transform( -4.37114e-08, -5, 0, 1, -2.18557e-07, 0, 0, 0, 1, 31, 20, 11 )
